1.000000000000000000e+00 1.147904229212554839e+02
2.000000000000000000e+00 1.355744002634262415e+02
3.000000000000000000e+00 1.553919283713223081e+02
4.000000000000000000e+00 1.743389347682214918e+02
5.000000000000000000e+00 1.925478210545735749e+02
6.000000000000000000e+00 2.101487237504855443e+02
7.000000000000000000e+00 2.272696857989237174e+02
8.000000000000000000e+00 2.440372354670666653e+02
9.000000000000000000e+00 2.605721115476914065e+02
1.000000000000000000e+01 2.769253124027698050e+02
1.100000000000000000e+01 2.929767628744038461e+02
1.200000000000000000e+01 3.092259903505952252e+02
1.300000000000000000e+01 3.268240763829221009e+02
1.400000000000000000e+01 3.451421809951611976e+02
1.500000000000000000e+01 3.639479333403862142e+02
1.600000000000000000e+01 3.830889481397276199e+02
1.700000000000000000e+01 4.024642175767284584e+02
1.800000000000000000e+01 4.220080381536749883e+02
1.900000000000000000e+01 4.416777483073122426e+02
2.000000000000000000e+01 4.614452987791167970e+02
2.100000000000000000e+01 4.812918008546853912e+02
2.200000000000000000e+01 5.012041144296202333e+02
2.300000000000000000e+01 5.211727466429900915e+02
2.400000000000000000e+01 5.411905641127217450e+02
2.500000000000000000e+01 5.612520012544061956e+02
2.600000000000000000e+01 5.813525686858757808e+02
2.700000000000000000e+01 6.014885429703464297e+02
2.800000000000000000e+01 6.216567664276777805e+02
2.900000000000000000e+01 6.418545148595512728e+02
3.000000000000000000e+01 6.620794212385769697e+02
3.100000000000000000e+01 6.823294411915086357e+02
3.200000000000000000e+01 7.026027974993838825e+02
3.300000000000000000e+01 7.228979179194569724e+02
3.400000000000000000e+01 7.432133911462234437e+02
3.500000000000000000e+01 7.635482799970317274e+02
3.600000000000000000e+01 7.839028633359622518e+02
3.700000000000000000e+01 8.042777745281562147e+02
3.800000000000000000e+01 8.246733220490004896e+02
3.900000000000000000e+01 8.450976858127047535e+02
4.000000000000000000e+01 8.655704113336289538e+02
4.100000000000000000e+01 8.860974664235624232e+02
4.200000000000000000e+01 9.066766722157105960e+02
4.300000000000000000e+01 9.273114841961255479e+02
4.400000000000000000e+01 9.483356386726112532e+02
4.500000000000000000e+01 9.697588827411897228e+02
4.600000000000000000e+01 9.914220847252880731e+02
4.700000000000000000e+01 1.013226844920487338e+03
