1.000000000000000000e+00 1.371676836199761453e+02
2.000000000000000000e+00 1.664165516098149169e+02
3.000000000000000000e+00 1.962881919866272824e+02
4.000000000000000000e+00 2.262662568372234659e+02
5.000000000000000000e+00 2.562625083782655793e+02
6.000000000000000000e+00 2.862618678107316441e+02
7.000000000000000000e+00 3.162617583452765757e+02
8.000000000000000000e+00 3.462617396389181863e+02
9.000000000000000000e+00 3.762617364422216610e+02
1.000000000000000000e+01 4.062617358959437865e+02
1.100000000000000000e+01 4.362617358025913177e+02
1.200000000000000000e+01 4.662617357866384395e+02
1.300000000000000000e+01 4.962617357839122860e+02
1.400000000000000000e+01 5.262617357834463974e+02
1.500000000000000000e+01 5.562617357833667029e+02
1.600000000000000000e+01 5.862617357833531742e+02
1.700000000000000000e+01 6.162617357833506730e+02
1.800000000000000000e+01 6.462617357833506730e+02
1.900000000000000000e+01 6.762617357833506730e+02
2.000000000000000000e+01 7.062617357833506730e+02
2.100000000000000000e+01 7.362617357833506730e+02
2.200000000000000000e+01 7.662617357833506730e+02
2.300000000000000000e+01 7.962617357833506730e+02
2.400000000000000000e+01 8.262617357833506730e+02
2.500000000000000000e+01 8.562617357833506730e+02
2.600000000000000000e+01 8.862617357833506730e+02
2.700000000000000000e+01 9.162617357833506730e+02
2.800000000000000000e+01 9.462617357833506730e+02
2.900000000000000000e+01 9.762617357833506730e+02
3.000000000000000000e+01 1.006261735783350673e+03
